128.841	0.360	-0.389	294.8703	62.19124	-77.57601
129.560	0.403	-0.358	287.4015	59.15624	-85.40944
130.331	0.295	-0.368	332.8169	73.77783	-68.98036
130.954	0.302	-0.328	344.2824	75.63054	-78.31802
131.570	0.319	-0.314	351.8814	75.81979	-82.32082
132.206	0.292	-0.317	339.8331	74.15729	-89.59772
132.784	0.278	-0.286	388.0371	73.56311	-147.9395
133.351	0.327	-0.288	355.5198	68.50692	-127.7017
133.951	0.261	-0.273	410.0234	75.62158	-176.6886
134.540	0.287	-0.328	345.7044	64.15853	-153.5667
135.087	0.247	-0.26	452.6614	80.02659	-207.5016
135.601	0.244	-0.267	436.4898	82.80028	-159.0258
136.076	0.270	-0.231	438.8144	85.44073	-150.8525
136.618	0.262	-0.272	410.0194	79.82797	-139.9074
137.163	0.274	-0.283	400.2359	76.87699	-138.4367
137.770	0.251	-0.333	375.0359	68.85569	-161.1874
138.296	0.267	-0.276	407.01	74.89795	-170.0018
138.835	0.281	-0.272	418.4205	83.27548	-125.9578
139.455	0.325	-0.338	392.594	79.91052	-105.359
140.156	0.341	-0.376	360.065	74.90392	-88.41614
140.957	0.391	-0.46	306.3544	60.29157	-103.187
141.712	0.335	-0.365	376.0096	73.67491	-126.3085
142.490	0.405	-0.443	301.4025	58.9789	-109.971
143.319	0.309	-0.424	351.0707	67.46579	-140.5152
143.956	0.346	-0.328	379.3451	77.72029	-107.8968
144.714	0.486	-0.411	279.9245	55.05108	-102.5752
145.516	0.436	-0.317	349.3448	64.07134	-157.4206
146.368	0.390	-0.416	326.2066	63.06892	-117.0891
147.138	0.273	-0.38	399.0124	81.93573	-102.5507
147.840	0.366	-0.43	327.6005	68.03149	-80.355
148.535	0.274	-0.329	275.5252	57.20671	-54.26975
149.092	0.300	-0.283	211.0675	43.95559	-36.41011
149.720	0.310	-0.327	193.3788	40.3051	-33.34149
150.318	0.265	-0.288	224.7543	47.09888	-38.13019
150.886	0.257	-0.303	217.6476	47.02152	-36.65071
151.424	0.282	-0.28	221.1981	46.91295	-37.168
151.966	0.279	-0.26	228.484	47.90231	-39.22567
152.583	0.279	-0.338	200.582	41.89239	-34.66603
153.266	0.342	-0.404	165.2271	34.13555	-28.6184
153.961	0.360	-0.353	169.302	34.602	-29.99712
154.751	0.437	-0.43	140.7784	29.23196	-24.53643
155.517	0.375	-0.33	176.5149	36.14198	-30.45689
156.266	0.419	-0.374	152.2193	30.99397	-27.00406
157.041	0.434	-0.355	155.9207	31.38005	-27.32168
157.789	0.305	-0.314	198.9335	38.65795	-35.15171
158.532	0.433	-0.437	140.2049	27.24206	-24.94663
159.438	0.423	-0.474	127.9329	25.22708	-22.71054
160.255	0.505	-0.393	124.7168	24.2608	-22.18711
161.253	0.501	-0.494	113.7711	21.732	-20.13838
162.210	0.463	-0.455	122.0554	23.617	-21.72387
163.164	0.601	-0.491	103.5763	20.07022	-18.28081
164.225	0.515	-0.46	94.43837	18.29694	-17.53399
165.138	0.420	-0.398	95.83753	19.15199	-18.59684
166.013	0.481	-0.455	120.9046	22.1744	-21.35149
166.931	0.492	-0.437	92.45664	19.1317	-17.58533
167.884	0.377	-0.461	88.95295	18.68814	-17.79394
168.738	0.376	-0.478	89.84778	17.73521	-17.47985
169.552	0.449	-0.437	84.05305	17.31167	-16.79406
170.547	0.526	-0.546	103.5752	19.3155	-18.44758
171.532	0.464	-0.459	91.03975	18.57444	-17.50396
172.419	0.453	-0.422	83.20553	17.51348	-16.83369
173.280	0.526	-0.408	81.46276	16.54241	-15.9168
174.244	0.457	-0.438	124.1681	23.28509	-22.10901
175.221	0.386	-0.52	82.82392	16.67039	-16.33559
176.045	0.362	-0.438	90.97138	18.69436	-18.35734
176.837	0.520	-0.43	93.82172	18.22412	-17.6886
177.822	0.412	-0.465	83.03795	17.11678	-16.76361
178.632	0.379	-0.398	95.07557	19.41442	-18.96522
179.482	0.661	-0.471	95.74842	16.87624	-16.96835
180.660	0.467	-0.517	109.2941	19.37969	-19.16981
181.518	0.444	-0.391	83.28785	16.09984	-16.17516
182.378	0.384	-0.416	85.54816	16.26075	-16.60765
183.217	0.335	-0.455	87.97758	16.79305	-17.03455
183.969	0.368	-0.417	82.16635	16.65171	-16.89375
184.799	0.405	-0.463	81.20384	14.8737	-15.26271
185.666	0.541	-0.461	70.38862	13.06731	-13.35351
186.596	0.443	-0.39	82.25784	15.35891	-15.76489
187.499	0.387	-0.46	83.25078	15.36846	-15.73615
188.326	0.428	-0.44	81.20355	15.0467	-15.38708
189.118	0.475	-0.364	98.87998	17.79652	-18.03734
190.088	0.352	-0.494	82.06461	16.37293	-16.1536
191.007	0.597	-0.567	59.94954	11.76365	-11.74647
192.129	0.383	-0.525	78.87402	15.4039	-15.30684
193.064	0.613	-0.553	61.41449	12.2088	-11.97261
194.036	0.361	-0.359	97.90944	19.48466	-19.26394
194.940	0.470	-0.543	70.69702	14.12361	-13.79418
195.857	0.382	-0.447	86.32381	17.2395	-16.84315
196.712	0.452	-0.473	77.35933	14.71564	-14.8547
197.559	0.351	-0.395	96.00768	17.59255	-18.04596
198.294	0.364	-0.385	99.79643	18.20683	-18.64027
199.186	0.485	-0.527	70.69564	12.98709	-13.3164
200.284	0.723	-0.613	52.79964	9.925175	-10.13562
201.629	0.607	-0.622	57.58739	11.00729	-11.15872
202.840	0.557	-0.603	61.62495	11.51284	-11.78207
204.015	0.714	-0.619	54.41886	10.02788	-10.26809
205.451	0.464	-0.722	60.23724	11.31748	-11.55037
206.549	0.702	-0.634	54.27394	9.931019	-10.18843
208.000	0.600	-0.749	53.77276	10.21252	-10.31162
209.367	0.585	-0.767	53.63195	9.798374	-10.06399
210.482	0.595	-0.529	63.57361	12.30755	-12.37619
211.990	0.819	-0.913	41.83831	7.897254	-8.005001
213.751	0.945	-0.941	37.77168	7.079167	-7.235666
215.459	0.692	-0.763	48.94632	9.366895	-9.484295
216.986	0.662	-0.836	46.86286	9.431367	-9.322271
218.426	0.941	-0.777	41.78254	7.850657	-8.013235
220.059	0.760	-0.692	49.77626	9.131518	-9.365587
221.849	1.078	-1.03	33.7874	6.408908	-6.519752
224.223	1.074	-1.296	29.7371	5.792467	-5.849421
226.291	0.711	-0.993	41.9832	8.145546	-8.191027
228.264	1.181	-1.262	28.44584	5.552686	-5.6351
230.402	0.674	-0.958	43.86015	8.339131	-8.455577
232.259	1.187	-1.183	30.19511	5.690815	-5.806135
234.752	1.097	-1.306	29.67702	5.593644	-5.70548
237.077	1.160	-1.228	29.85206	5.704014	-5.779285
239.512	1.070	-1.275	29.95743	5.775079	-5.861602
241.720	1.167	-1.139	30.91311	5.895528	-5.981369
244.020	1.380	-1.132	28.46565	5.350391	-5.456008
246.579	0.858	-1.179	35.4531	6.793072	-6.878864
248.649	1.016	-1.212	31.95377	6.065449	-6.197007
250.819	1.210	-1.155	30.98674	5.901903	-5.951686
253.233	1.039	-1.205	32.65786	6.376763	-6.33619
255.565	1.240	-1.293	28.4411	5.454425	-5.518836
257.504	1.157	-0.699	38.75889	7.490998	-7.548129
259.844	0.981	-1.182	32.76327	6.396036	-6.447428
261.849	0.972	-1.024	36.0299	6.800632	-6.933003
263.802	0.919	-0.981	37.85177	7.117699	-7.259753
265.534	0.605	-0.813	51.31819	9.496509	-9.701707
267.009	0.712	-0.87	38.99857	8.173354	-8.30966
268.679	0.939	-0.959	37.28191	7.136198	-7.175919
270.300	0.681	-0.682	50.44237	9.841703	-9.927263
272.014	0.864	-1.032	37.31433	6.996245	-7.111738
273.782	0.863	-0.903	39.48581	7.70487	-7.703067
275.413	0.908	-0.768	41.02145	7.871578	-7.983512
277.376	1.030	-1.055	34.14881	6.843159	-6.66386
279.322	0.666	-0.916	43.77721	8.344416	-8.511841
280.972	1.089	-0.984	34.38978	6.47923	-6.571127
282.736	0.757	-0.675	49.76989	9.052336	-9.302555
284.628	1.189	-1.136	30.2162	5.610129	-5.751396
287.173	1.215	-1.356	25.40655	5.215854	-5.288839
289.743	1.466	-1.354	25.50243	5.015872	-5.031501
292.783	1.241	-1.574	26.30119	5.206752	-5.115069
295.189	0.948	-1.165	34.52498	7.116234	-6.826095
297.269	1.026	-1.133	33.13932	6.757045	-6.608588
299.379	0.764	-1.084	37.6951	7.591137	-7.493988
300.842	0.709	-0.698	49.5136	9.65574	-9.732822
302.193	0.596	-0.642	57.92535	10.99087	-11.11765
303.514	0.645	-0.725	50.86434	9.876974	-9.986322
304.997	0.635	-0.838	46.60657	9.113882	-9.237914
306.291	0.537	-0.659	59.99338	11.32838	-11.48075
307.573	0.727	-0.746	47.30155	9.394617	-9.374884
308.775	0.463	-0.474	72.96093	15.35853	-14.92672
309.755	0.535	-0.517	68.62917	13.9019	-13.54766
310.785	0.577	-0.496	67.26342	13.14858	-13.15536
311.812	0.356	-0.45	89.53626	17.52755	-17.5296
312.581	0.378	-0.412	92.67489	18.41916	-18.05193
313.477	0.492	-0.519	71.4095	14.2998	-14.05816
314.451	0.543	-0.482	105.3408	17.99878	-18.237
315.457	0.485	-0.463	112.7375	19.63301	-19.76088
316.297	0.378	-0.355	98.44617	19.14609	-19.22521
317.190	0.483	-0.515	107.1106	19.03705	-18.87689
318.123	0.454	-0.45	120.5966	20.31995	-20.68051
319.066	0.385	-0.489	124.7804	21.22315	-21.49484
319.865	0.377	-0.414	91.2076	17.76655	-17.81807
320.700	0.453	-0.458	118.5883	19.54222	-20.07171
321.594	0.420	-0.441	125.4675	22.20712	-21.89267
322.422	0.522	-0.408	94.60143	18.97172	-17.85018
323.350	0.360	-0.405	91.63915	19.19867	-18.51951
324.066	0.332	-0.357	158.4071	27.89846	-27.63427
324.816	0.411	-0.418	129.0315	22.31042	-22.53628
325.694	0.469	-0.467	116.5471	22.54181	-20.28469
326.613	0.410	-0.45	125.7085	25.35162	-22.00206
327.404	0.465	-0.382	127.5549	23.77548	-22.44805
328.205	0.345	-0.336	155.4603	27.23696	-27.41545
328.882	0.350	-0.332	153.927	27.9697	-27.60313
329.585	0.335	-0.353	158.41	30.30078	-27.66853
330.160	0.298	-0.24	201.083	40.27474	-35.2912
330.811	0.302	-0.353	165.0299	31.18856	-29.1895
331.357	0.275	-0.244	239.325	43.36588	-40.86807
331.886	0.283	-0.254	199.1505	38.67501	-35.39563
332.468	0.308	-0.299	178.0965	32.38513	-31.38419
333.085	0.291	-0.309	180.2102	30.7625	-31.16657
333.686	0.298	-0.311	175.8614	29.67579	-30.35917
334.330	0.268	-0.346	176.0343	30.12466	-30.47214
334.992	0.435	-0.394	130.3239	23.36727	-22.93731
335.727	0.260	-0.3	192.7968	33.32465	-33.55569
336.269	0.277	-0.282	193.4106	33.19874	-33.53172
336.856	0.261	-0.31	191.0235	31.07444	-32.08248
337.442	0.396	-0.325	148.5028	24.39754	-25.19877
338.222	0.341	-0.385	148.8533	24.86337	-25.43385
338.869	0.294	-0.306	178.4703	31.41575	-31.40859
339.496	0.357	-0.333	156.5258	26.58505	-26.99405
340.156	0.250	-0.303	195.2765	32.58682	-33.40634
340.798	0.317	-0.391	155.6741	25.42913	-26.20589
341.412	0.371	-0.298	161.03	28.77477	-28.38671
342.040	0.320	-0.256	183.1869	35.5238	-33.28689
342.646	0.257	-0.286	204.3906	37.44827	-35.92073
343.154	0.250	-0.251	244.157	41.55496	-41.43418
343.742	0.336	-0.338	161.3312	29.00916	-28.56572
344.388	0.356	-0.309	165.0853	30.98017	-29.0639
345.018	0.281	-0.274	197.9386	39.51129	-34.77597
345.608	0.276	-0.309	189.481	36.21686	-33.27534
346.161	0.309	-0.277	190.4508	34.27668	-33.40992
346.768	0.266	-0.298	192.8888	32.59572	-33.32562
347.320	0.261	-0.286	203.0683	33.77463	-34.5774
347.861	0.313	-0.281	184.856	30.62483	-31.4845
348.452	0.313	-0.278	185.9694	31.48956	-32.04194
349.076	0.284	-0.311	184.8558	32.53317	-32.37478
349.645	0.273	-0.286	198.5326	33.79863	-34.18917
350.230	0.275	-0.312	183.4764	31.0224	-31.78825
350.832	0.324	-0.327	168.6938	27.39314	-28.34328
351.456	0.244	-0.3	202.4999	33.26022	-34.31826
351.993	0.254	-0.293	196.6721	33.79254	-34.33756
352.620	0.276	-0.373	171.2244	28.67826	-29.28885
353.341	0.353	-0.445	138.759	23.09172	-23.63802
354.072	0.377	-0.379	143.4655	24.74031	-25.03114
354.857	0.318	-0.408	150.9029	26.95575	-26.55185
355.551	0.375	-0.375	148.0992	26.33378	-25.95489
356.222	0.286	-0.296	190.1043	33.03451	-33.02826
356.905	0.368	-0.397	143.1823	25.20059	-25.07628
357.604	0.300	-0.331	171.7539	32.37857	-30.5355
358.316	0.357	-0.412	141.1435	26.47729	-25.135
358.966	0.294	-0.293	182.963	33.46849	-32.68249
359.636	0.338	-0.376	155.0225	27.22836	-27.02346
360.460	0.408	-0.487	122.4025	21.99614	-21.5452
361.252	0.440	-0.384	132.9771	24.33371	-23.50367
362.046	0.337	-0.354	158.2898	28.9687	-28.12659
362.677	0.299	-0.295	187.4358	32.39055	-32.60468
363.406	0.275	-0.429	156.5602	26.91399	-27.28706
363.914	0.335	-0.233	196.302	33.34014	-33.90377
364.525	0.246	-0.277	225.7772	41.55445	-38.92487
365.029	0.246	-0.258	227.8856	44.55506	-39.88836
365.587	0.309	-0.312	179.3805	35.91976	-31.47233
366.149	0.251	-0.253	227.8199	45.97602	-39.50796
366.687	0.227	-0.287	228.5103	41.30946	-39.63006
367.177	0.241	-0.264	268.2023	44.48906	-44.70186
367.677	0.243	-0.259	294.401	49.81846	-48.5035
368.166	0.287	-0.245	213.6614	38.79041	-37.67885
368.723	0.271	-0.27	205.8811	34.24424	-35.15186
369.239	0.258	-0.246	254.5505	40.75404	-41.91849
369.730	0.273	-0.232	276.907	43.72797	-44.86944
370.262	0.249	-0.259	271.6724	43.20705	-44.2467
370.756	0.273	-0.245	259.3617	41.31132	-42.34504
371.270	0.273	-0.241	226.6607	38.10699	-38.92455
371.803	0.248	-0.259	272.6282	44.45248	-44.94244
372.307	0.252	-0.257	221.0113	37.70102	-38.12094
372.800	0.269	-0.241	243.4525	39.82225	-40.50121
373.347	0.263	-0.277	189.2047	32.24516	-32.82652
373.858	0.255	-0.247	263.8159	42.68128	-43.10318
374.377	0.252	-0.265	218.7072	36.78598	-37.21983
374.909	0.269	-0.279	187.7611	32.37391	-32.81474
375.458	0.227	-0.28	211.8996	35.53439	-36.12213
375.920	0.275	-0.235	207.373	34.78274	-35.41726
376.425	0.297	-0.23	204.025	33.94958	-34.64343
376.954	0.275	-0.232	221.3397	36.66821	-37.49165
377.464	0.267	-0.235	226.5686	36.84449	-37.76365
377.976	0.271	-0.245	229.5958	37.17359	-38.16964
378.532	0.226	-0.285	243.1072	38.55878	-39.70121
379.099	0.270	-0.342	170.4704	28.00139	-28.81434
379.663	0.236	-0.294	191.1251	32.33152	-33.12931
380.161	0.246	-0.261	201.8142	34.36847	-35.01147
380.671	0.241	-0.264	227.1798	38.08685	-38.53302
381.208	0.268	-0.296	181.442	31.83733	-31.89199
381.832	0.319	-0.356	151.7631	27.14821	-26.83783
382.403	0.262	-0.253	221.0833	38.97137	-37.97375
382.985	0.336	-0.32	158.9184	29.08149	-27.93219
383.702	0.381	-0.381	139.7518	26.28741	-24.74408
384.348	0.309	-0.266	184.1116	35.27095	-32.80023
385.054	0.395	-0.397	132.3332	25.24347	-23.73294
385.746	0.374	-0.297	160.8233	29.72636	-28.29325
386.445	0.315	-0.326	165.189	30.46656	-29.38821
387.032	0.247	-0.273	207.637	37.42489	-36.42034
387.534	0.277	-0.255	202.7756	36.18405	-35.49701
388.117	0.250	-0.305	192.4649	34.16756	-33.80942
388.703	0.288	-0.336	169.4246	29.94199	-29.85521
389.308	0.302	-0.317	174.2241	30.09736	-30.20669
389.909	0.322	-0.299	173.7259	30.00511	-30.11797
390.553	0.226	-0.322	194.9681	33.92824	-34.03017
391.139	0.333	-0.36	153.9746	26.81837	-26.8839
391.758	0.371	-0.286	162.7374	28.3786	-28.4263
392.507	0.356	-0.377	147.1602	25.53111	-25.55442
393.254	0.432	-0.392	128.4407	22.60107	-22.60119
394.056	0.399	-0.37	138.9743	24.64643	-24.6263
394.862	0.392	-0.407	138.0348	24.43856	-24.33895
395.657	0.427	-0.404	134.011	23.70105	-23.51637
396.433	0.429	-0.349	143.2107	25.47287	-25.17088
397.267	0.427	-0.406	135.019	24.01642	-23.61946
398.075	0.361	-0.381	151.5345	27.10552	-26.54186
398.949	0.422	-0.512	119.206	21.59333	-21.03676
399.771	0.384	-0.4	144.054	25.94539	-25.31703
400.659	0.464	-0.504	113.9295	20.5592	-20.19268
401.561	0.371	-0.438	137.5453	24.47663	-24.17803
402.304	0.340	-0.372	156.4577	27.63155	-27.44376
403.144	0.477	-0.5	111.7892	19.86605	-19.82255
404.117	0.411	-0.496	121.5248	21.26497	-21.34035
404.984	0.477	-0.456	115.1335	19.76107	-19.93986
405.908	0.410	-0.448	94.9891	17.30705	-17.5388
406.755	0.497	-0.437	108.388	18.55754	-18.91494
407.757	0.450	-0.506	108.0589	18.03613	-18.48753
408.703	0.436	-0.496	110.7375	18.29053	-18.82426
409.591	0.545	-0.451	103.6187	17.12606	-17.62058
410.561	0.338	-0.426	90.41651	17.17598	-17.46484
411.313	0.367	-0.414	89.6363	17.04722	-17.22772
412.164	0.505	-0.484	103.3559	18.10568	-18.15519
413.126	0.396	-0.457	82.15035	16.10144	-15.96431
413.960	0.460	-0.439	77.92083	15.50868	-15.19611
414.791	0.385	-0.371	92.58837	18.30488	-18.0315
415.503	0.466	-0.327	93.16954	17.80514	-17.73286
416.394	0.470	-0.425	76.78671	14.63356	-14.77159
417.396	0.472	-0.532	64.57484	12.67035	-12.89684
418.269	0.392	-0.401	85.36636	15.83581	-16.24284
419.056	0.369	-0.395	90.03169	16.25995	-16.74469
419.902	0.471	-0.478	70.39689	13.12645	-13.48193
420.821	0.484	-0.448	96.1757	16.5454	-16.99092
421.646	0.410	-0.341	98.35486	18.15713	-18.48637
422.530	0.501	-0.474	67.46449	13.36442	-13.45958
423.382	0.393	-0.351	91.08275	17.93187	-17.8651
424.124	0.400	-0.349	91.7424	18.12341	-17.86373
424.978	0.390	-0.455	78.99326	16.0244	-15.74967
425.803	0.565	-0.435	102.225	18.54766	-18.13954
426.810	0.418	-0.442	127.6914	23.04669	-22.51908
427.658	0.446	-0.431	123.8717	22.50663	-21.98672
3787.712	14.763	-20.339	1.471761	0.3229318	-0.3229318
3828.517 31.627 -26.042 0.8603159 0.1929268 -0.1929268
3893.589	26.730	-33.446	0.8838273	0.1933961	-0.1933961
3942.370	18.066	-22.051	1.249215	0.2797348	-0.2797348
3984.862	18.198	-24.426	1.176959	0.2631761	-0.2631761
4026.729	23.970	-23.669	1.057338	0.2384832	-0.2384832
4066.983	21.326	-16.284	1.353888	0.3044881	-0.3044881
4125.615	27.885	-37.306	0.7763377	0.1745976	-0.1745976
4174.898	48.806	-21.399	0.7125366	0.1600176	-0.1600176
4250.125	46.292	-26.421	0.691869	0.1553762	-0.1553762
4329.172	17.390	-32.756	1.042618	0.2284555	-0.2284555
4365.009	16.656	-18.446	1.5737	0.3368335	-0.3368335
4408.091	23.720	-26.426	1.003138	0.2265867	-0.2265867
4450.229	16.684	-18.418	1.457859	0.3269265	-0.3269265
4492.464	24.596	-25.551	1.006364	0.2266576	-0.2266576
4544.111	33.124	-27.052	0.8365468	0.1881385	-0.1881385
4606.789	25.607	-29.554	0.905591	0.2036665	-0.2036665
4657.697	27.353	-25.301	0.9420909	0.2112649	-0.2112649
4723.125	27.115	-38.075	0.7618586	0.1718377	-0.1718377
4777.547	22.839	-27.308	1.001378	0.2248841	-0.2248841
4816.169	24.334	-15.783	1.262712	0.2831646	-0.2831646
4883.352	22.341	-42.849	0.7716602	0.1727967	-0.1727967
4930.861	35.007	-25.168	0.8254928	0.1864605	-0.1864605
4992.532	23.483	-26.663	1.045582	0.2297361	-0.2297361
5054.360	36.874	-38.345	0.6926853	0.151988	-0.151988
5129.798	31.641	-38.564	0.7247177	0.1625187	-0.1625187
5193.380	30.742	-31.941	0.8032883	0.1806587	-0.1806587
5256.570	30.234	-32.449	0.8001663	0.179697	-0.179697
5317.751	34.244	-30.947	0.7981912	0.1758636	-0.1758636
5380.338	21.803	-28.344	1.063462	0.2333434	-0.2333434
5443.725	38.650	-41.584	0.6206485	0.1391811	-0.1391811
5531.105	28.997	-48.73	0.6407131	0.1449331	-0.1449331
5586.282	26.474	-26.18	0.9507501	0.2144423	-0.2144423
5652.692	40.297	-39.937	0.6223103	0.1399569	-0.1399569
5740.829	42.425	-47.839	0.5450009	0.1241844	-0.1241844
5821.976	18.946	-38.723	0.917962	0.2008653	-0.2008653
5868.981	24.594	-28.06	0.9529341	0.2133891	-0.2133891
5941.710	42.128	-48.135	0.5840954	0.1285149	-0.1285149
6015.150	26.357	-31.311	0.8786986	0.1976184	-0.1976184
6110.271	56.588	-68.765	0.6163956	0.1117434	-0.1117434
22498.983	102.740	-92.831	0.1183966	0.02685069	-0.02685069
22693.951	78.270	-92.228	0.1347276	0.03042127	-0.03042127
22862.567	70.122	-90.347	0.1424589	0.03237849	-0.03237849
23002.977	82.658	-70.289	0.1491124	0.0337428	-0.0337428
23124.607	51.292	-38.972	0.2551154	0.05716885	-0.05716885
23274.875	114.139	-98.976	0.1763426	0.03116576	-0.03116576
27731.291	75.765	-102.254	0.1308742	0.02948868	-0.02948868
27878.107	66.851	-71.052	0.1675383	0.03774985	-0.03774985
28018.879	84.040	-73.921	0.1549781	0.03399491	-0.03399491
28195.755	102.735	-92.836	0.1191567	0.02699626	-0.02699626
28372.057	76.871	-73.568	0.1617967	0.0356389	-0.0356389
28511.339	52.926	-62.411	0.2010171	0.04519437	-0.04519437
28643.843	63.339	-79.578	0.1617982	0.03629752	-0.03629752
28793.346	114.421	-86.164	0.1146121	0.02588117	-0.02588117
29035.628	92.774	-127.861	0.1407003	0.02734188	-0.02734188
32539.992	1043.885	-153.178	0.1065367	0.02466059	-0.02466059
33699.682	52.185	-115.805	0.14794	0.03330722	-0.03330722
33847.985	71.873	-96.117	0.147367	0.03325421	-0.03325421
34027.104	110.890	-107.247	0.1148177	0.02585006	-0.02585006
34227.980	70.482	-89.986	0.1568799	0.03527963	-0.03527963
34412.850	133.836	-114.388	0.09576991	0.02218314	-0.02218314
34687.037	170.549	-140.351	0.1162763	0.02198778	-0.02198778
38261.681	99.608	-126.051	0.09630367	0.02225451	-0.02225451
38481.166	108.289	-119.877	0.07493641	0.01956352	-0.01956352
38688.067	112.002	-98.612	0.1087064	0.02447563	-0.02447563
38889.175	73.869	-89.106	0.1408765	0.03163133	-0.03163133
39051.166	117.477	-88.122	0.1171153	0.02569113	-0.02569113
39311.106	73.167	-142.462	0.07960056	0.02070449	-0.02070449
39493.059	74.248	-108.786	0.1256015	0.02816274	-0.02816274
39650.166	115.219	-82.859	0.09285156	0.02327285	-0.02327285
39870.415	67.975	-105.03	0.09927005	0.02579682	-0.02579682
40036.773	84.652	-98.383	0.1252979	0.02815285	-0.02815285
40234.486	67.466	-113.061	0.09527829	0.02471393	-0.02471393
40469.738	138.090	-167.787	0.07485836	0.01684298	-0.01684298
43941.614	168.992	-96.784	0.06523256	0.01708833	-0.01708833
44212.635	121.122	-102.029	0.09833735	0.02267028	-0.02267028
44510.858	209.025	-177.102	0.0443689	0.01162289	-0.01162289
44843.621	109.443	-123.738	0.07438586	0.01928547	-0.01928547
45054.698	83.907	-101.635	0.1241757	0.02791685	-0.02791685
45280.012	141.920	-141.407	0.06013652	0.01585233	-0.01585233
45528.339	106.715	-106.407	0.1085089	0.02441357	-0.02441357
45750.589	112.631	-115.535	0.07512545	0.01961864	-0.01961864
46117.218	232.405	-253.998	0.06174084	0.0121877	-0.0121877
64820.314	3988.569	-2451.277	0.02854901	0.006350923	-0.006350923
73495.991	231.877	-194.365	0.04703811	0.01220045	-0.01220045
75225.439	4837.127	-1497.571	0.02240701	0.004869342	-0.004869342
116296.079	3991.966	-8562.206	0.02555683	0.005084218	-0.005084218
130655.529	6491.944	-5372.114	0.0201623	0.003770785	-0.003770785
168729.487	13598.671	-3603.453	0.01890541	0.004973969	-0.004973969
205448.539	12940.749	-5979.881	0.01143357	0.002282048	-0.002282048
509134.750	246732.483	-112985.015	0.00457546	0.0006813545	-0.0006813545
1218458.833	89530.045	-89507.594	0.003929064	0.0008995356	-0.0008995356
1550279.357	211968.476	-145986.093	0.002164965	0.0005630313	-0.0005630313
1819936.187	4833.027	-2054.594	0.002564108	0.001656819	-0.001178718